12345678
12345679
12345680
12345687
12345690
12345698
12345699
11111111
11111112
11111121
11111122
11111211
11111222
22222222
33333333
44444444
55555555
66666666
77777777
88888888
99999999
00000000
12121212
12121213
12121221
12121234
12312312
12312323
12312334
12312345
12332112
12332123
12332134
12332145
12344321
12345432
12345612
12345621
12345623
12345632
12345654
12345665
12345678
12345687
12345689
12345690
12345698
12345699
12365478
12378945
13243546
14253647
15263748
16273849
17283950
18293041
19203041
20102030
20202020
20202021
20202022
20202023
20202024
20202025
20212021
20222022
20232023
20242024
20252025
20302030
20402040
20502050
21021987
21212121
21314151
21436587
22222222
22334455
22446688
23101987
23112020
23232323
23456789
24101987
24242424
25021987
25101987
25252525
25802580
25825825
25836914
25836925
25836936
25836947
25836958
25836969
26021987
26262626
27021987
27101987
27272727
28021987
28101987
28282828
29021987
29101987
29292929
30102020
30203020
30303030
31102020
31203120
31313131
32021987
32103210
32132132
32165498
32323232
33021987
33102020
33333333
33669988
34021987
34102020
34343434
35021987
35102020
35353535
36021987
36102020
36363636
37021987
37102020
37373737
38021987
38102020
38383838
39021987
39102020
39393939
40102020
40204020
40404040
41102020
41204120
41414141
42021987
42102020
42424242
43021987
43102020
43434343
44021987
44102020
44444444
45021987
45102020
45454545
46021987
46102020
46464646
47021987
47102020
47474747
48021987
48102020
48484848
49021987
49102020
49494949
50102020
50205020
50505050
51102020
51205120
51515151
52021987
52102020
52525252
53021987
53102020
53535353
54021987
54102020
54545454
55021987
55102020
55555555
56021987
56102020
56565656
57021987
57102020
57575757
58021987
58102020
58585858
59021987
59102020
59595959
60102020
60206020
60606060
61102020
61206120
61616161
62021987
62102020
62626262
63021987
63102020
63636363
64021987
64102020
64646464
65021987
65102020
65656565
66021987
66102020
66666666
67021987
67102020
67676767
68021987
68102020
68686868
69021987
69102020
69696969
70102020
70207020
70707070
71102020
71207120
71717171
72021987
72102020
72727272
73021987
73102020
73737373
74021987
74102020
74747474
75021987
75102020
75757575
76021987
76102020
76767676
77021987
77102020
77777777
78021987
78102020
78787878
79021987
79102020
79797979
80102020
80208020
80808080
81102020
81208120
81818181
82021987
82102020
82828282
83021987
83102020
83838383
84021987
84102020
84848484
85021987
85102020
85858585
86021987
86102020
86868686
87021987
87102020
87878787
88021987
88102020
88888888
89021987
89102020
89898989
90102020
90209020
90909090
91102020
91209120
91919191
92021987
92102020
92929292
93021987
93102020
93939393
94021987
94102020
94949494
95021987
95102020
95959595
96021987
96102020
96969696
97021987
97102020
97979797
98021987
98102020
98989898
99021987
99102020
99999999